,Darwin,Espanola,Floreana,Genovesa,Isabela Sur,Isabela Oeste,Isabela Este,Marchena,Pinta,San Cristobal,Santa Cruz,Santiago,Wolf
GAL-089,   0,0,0,0,1,0,0,0,0,0,0,0,0
GAL-179,   0,0,0,0,1,0,0,0,0,0,0,0,0
GAL-080,   0,0,0,0,1,0,0,0,0,0,0,0,0
GAL-190,   0,0,0,0,1,0,0,0,0,0,0,0,0
GAL-194,   0,0,0,0,1,0,0,0,0,0,0,0,0
GAL-099,   0,0,0,0,1,0,0,0,0,0,0,0,0
GAL-090,   0,0,0,0,1,0,0,0,0,0,0,0,0
GAL-185,   0,0,0,0,1,0,0,0,0,0,0,0,0
GAL-196,   0,0,0,0,1,0,0,0,0,0,0,0,0
GAL-035,   0,0,0,0,1,0,0,0,0,0,0,0,0
GAL-173,   0,0,0,0,0,0,0,0,0,0,1,0,0
GAL-019,   0,0,0,0,0,0,0,0,0,0,1,0,0
GAL-007,   0,0,0,0,0,0,0,0,0,0,1,0,0
GAL-124,   0,0,0,0,0,0,0,0,0,0,1,0,0
GAL-114,   0,0,0,0,0,0,0,0,0,0,1,0,0
GAL-075,   0,0,0,0,0,0,0,0,0,0,1,0,0
GAL-059,   0,0,0,0,0,0,0,0,0,0,1,0,0
GAL-203,   0,0,0,0,0,0,0,0,0,0,1,0,0
GAL-011,   0,0,0,0,0,0,0,0,0,0,1,0,0
GAL-077,   0,0,0,0,0,0,0,0,0,0,1,0,0
GAL-111,   0,0,0,0,0,0,0,0,0,0,1,0,0
GAL-032,   0,0,0,0,0,0,0,0,0,0,1,0,0
GAL-048,   0,0,0,0,0,0,0,0,0,0,1,0,0
GAL-109,   0,0,0,0,0,0,0,0,0,0,1,0,0
GAL-195,   0,0,0,0,0,0,0,0,0,0,1,0,0
GAL-074,   0,0,0,0,0,0,0,0,0,0,1,0,0
GAL-021,   0,0,0,0,0,0,0,0,0,0,1,0,0
GAL-026,   0,0,0,0,0,0,0,0,0,0,1,0,0
GAL-068,   0,0,0,0,0,0,0,0,0,0,1,0,0
GAL-088,   0,0,0,0,0,0,0,0,0,0,1,0,0
GAL-057,   0,0,0,0,0,0,0,0,0,0,0,1,0
GAL-105,   0,0,0,0,0,0,0,0,0,0,0,1,0
GAL-182,   0,0,0,0,0,0,0,0,0,0,0,1,0
GAL-092,   0,0,0,0,0,0,0,0,0,0,0,1,0
GAL-062,   0,0,0,0,0,0,0,0,0,0,0,1,0
GAL-144,   0,0,0,0,0,0,0,0,0,0,0,1,0
GAL-137,   0,0,0,0,0,0,0,0,0,0,0,1,0
GAL-169,   0,0,0,0,0,0,0,0,0,0,0,1,0
GAL-158,   0,0,0,1,0,0,0,0,0,0,0,0,0
GAL-207,   0,0,0,1,0,0,0,0,0,0,0,0,0
GAL-112,   0,0,0,1,0,0,0,0,0,0,0,0,0
GAL-126,   0,0,0,1,0,0,0,0,0,0,0,0,0
GAL-003,   0,0,0,1,0,0,0,0,0,0,0,0,0
GAL-143,   0,0,0,1,0,0,0,0,0,0,0,0,0
GAL-128,   0,0,0,0,0,0,0,1,0,0,0,0,0
GAL-176,   0,0,0,0,0,0,0,1,0,0,0,0,0
GAL-188,   0,0,0,0,0,0,0,1,0,0,0,0,0
GAL-073,   0,0,0,0,0,0,0,1,0,0,0,0,0
GAL-167,   0,0,0,0,0,0,0,1,0,0,0,0,0
GAL-055,   0,0,0,0,0,0,0,1,0,0,0,0,0
GAL-004,   0,0,0,0,0,0,0,1,0,0,0,0,0
GAL-096,   0,0,0,0,0,0,0,1,0,0,0,0,0
GAL-030,   0,0,0,0,0,0,0,1,0,0,0,0,0
GAL-170,   0,0,0,0,0,0,0,1,0,0,0,0,0
GAL-159,   0,0,0,0,0,0,0,1,0,0,0,0,0
GAL-206,   0,0,0,0,0,0,0,1,0,0,0,0,0
GAL-013,   0,0,0,0,0,0,0,0,1,0,0,0,0
GAL-097,   0,0,0,0,0,0,0,0,1,0,0,0,0
GAL-083,   0,0,0,0,0,0,0,0,1,0,0,0,0
GAL-151,   0,0,0,0,0,0,0,0,1,0,0,0,0
GAL-107,   0,0,0,0,0,0,0,0,1,0,0,0,0
GAL-183,   0,0,0,0,0,0,0,0,1,0,0,0,0
GAL-129,   0,0,0,0,0,0,0,0,1,0,0,0,0
GAL-166,   0,0,0,0,0,0,0,0,1,0,0,0,0
GAL-156,   0,0,0,0,0,0,0,0,1,0,0,0,0
GAL-150,   0,0,0,0,0,0,0,0,1,0,0,0,0
GAL-125,   0,0,0,0,0,0,0,0,1,0,0,0,0
GAL-098,   0,0,0,0,0,0,0,0,1,0,0,0,0
GAL-076,   0,0,0,0,0,0,0,0,1,0,0,0,0
GAL-113,   0,0,0,0,0,1,0,0,0,0,0,0,0
GAL-161,   0,0,0,0,0,1,0,0,0,0,0,0,0
GAL-104,   0,0,0,0,0,1,0,0,0,0,0,0,0
GAL-008,   0,0,0,0,0,1,0,0,0,0,0,0,0
GAL-058,   0,0,0,0,0,1,0,0,0,0,0,0,0
GAL-028,   0,0,0,0,0,1,0,0,0,0,0,0,0
GAL-079,   0,0,0,0,0,1,0,0,0,0,0,0,0
GAL-127,   0,0,0,0,0,1,0,0,0,0,0,0,0
GAL-041,   0,0,0,0,0,1,0,0,0,0,0,0,0
GAL-120,   0,0,0,0,0,1,0,0,0,0,0,0,0
GAL-036,   0,0,0,0,0,1,0,0,0,0,0,0,0
GAL-020,   0,0,0,0,0,1,0,0,0,0,0,0,0
GAL-191,   0,0,1,0,0,0,0,0,0,0,0,0,0
GAL-152,   0,0,1,0,0,0,0,0,0,0,0,0,0
GAL-130,   0,0,1,0,0,0,0,0,0,0,0,0,0
GAL-049,   0,0,0,0,0,0,0,0,0,1,0,0,0
GAL-168,   0,0,1,0,0,0,0,0,0,0,0,0,0
GAL-118,   0,0,0,0,0,0,0,0,0,0,0,0,1
GAL-142,   0,0,0,0,0,0,0,0,0,0,1,0,0
GAL-016,   0,0,1,0,0,0,0,0,0,0,0,0,0
GAL-187,   0,0,0,0,0,0,0,0,0,0,1,0,0
GAL-091,   0,0,0,0,0,0,0,0,0,1,0,0,0
GAL-148,   0,0,1,0,0,0,0,0,0,0,0,0,0
GAL-038,   0,0,0,0,0,0,0,0,0,1,0,0,0
GAL-121,   0,0,0,0,0,0,0,0,0,0,1,0,0
GAL-133,   0,0,0,0,0,0,0,0,0,1,0,0,0
GAL-205,   0,0,1,0,0,0,0,0,0,0,0,0,0
GAL-051,   0,0,0,0,0,0,0,0,0,0,1,0,0
GAL-153,   0,0,0,0,0,0,0,0,0,1,0,0,0
GAL-189,   0,0,0,0,0,0,0,0,0,1,0,0,0
GAL-174,   0,0,0,0,0,0,0,0,0,0,0,0,1
GAL-146,   0,0,0,0,0,0,0,0,0,1,0,0,0
GAL-044,   0,0,1,0,0,0,0,0,0,0,0,0,0
GAL-141,   0,0,0,0,0,0,0,0,0,0,1,0,0
GAL-100,   0,0,1,0,0,0,0,0,0,0,0,0,0
GAL-039,   0,0,0,0,0,0,0,0,0,1,0,0,0
GAL-149,   0,0,1,0,0,0,0,0,0,0,0,0,0
GAL-095,   0,0,1,0,0,0,0,0,0,0,0,0,0
GAL-034,   0,1,0,0,0,0,0,0,0,0,0,0,0
GAL-139,   0,0,0,0,0,0,0,0,0,0,1,0,0
GAL-050,   0,0,1,0,0,0,0,0,0,0,0,0,0
GAL-119,   0,1,0,0,0,0,0,0,0,0,0,0,0
GAL-053,   0,0,0,0,0,0,0,0,0,0,1,0,0
GAL-012,   0,1,0,0,0,0,0,0,0,0,0,0,0
GAL-172,   0,0,1,0,0,0,0,0,0,0,0,0,0
GAL-061,   0,0,0,0,0,0,0,0,0,1,0,0,0
GAL-132,   0,0,1,0,0,0,0,0,0,0,0,0,0
GAL-043,   0,1,0,0,0,0,0,0,0,0,0,0,0
GAL-165,   0,0,0,0,0,0,0,0,0,0,1,0,0
GAL-025,   0,0,0,0,0,1,0,0,0,0,0,0,0
GAL-108,   0,0,0,0,0,0,0,0,0,0,1,0,0
GAL-117,   0,1,0,0,0,0,0,0,0,0,0,0,0
GAL-135,   0,1,0,0,0,0,0,0,0,0,0,0,0
GAL-069,   0,0,0,0,0,1,0,0,0,0,0,0,0
GAL-115,   0,1,0,0,0,0,0,0,0,0,0,0,0
GAL-017,   0,0,0,0,0,1,0,0,0,0,0,0,0
GAL-081,   0,0,0,0,0,1,0,0,0,0,0,0,0
GAL-006,   1,0,0,0,0,0,0,0,0,0,0,0,0
GAL-178,   0,0,0,0,0,1,0,0,0,0,0,0,0
GAL-033,   0,0,0,0,0,1,0,0,0,0,0,0,0
GAL-042,   0,1,0,0,0,0,0,0,0,0,0,0,0
GAL-103,   0,0,0,0,0,1,0,0,0,0,0,0,0
GAL-094,   0,0,0,0,0,0,0,0,0,0,0,0,1
GAL-054,   0,0,0,0,0,0,0,0,0,1,0,0,0
GAL-037,   0,1,0,0,0,0,0,0,0,0,0,0,0
GAL-177,   0,0,0,0,0,1,0,0,0,0,0,0,0
GAL-027,   0,0,0,0,0,0,0,0,0,1,0,0,0
GAL-065,   0,1,0,0,0,0,0,0,0,0,0,0,0
GAL-014,   0,0,0,0,0,1,0,0,0,0,0,0,0
GAL-087,   0,0,0,0,0,1,0,0,0,0,0,0,0
GAL-162,   0,0,0,0,0,0,0,0,0,1,0,0,0
GAL-184,   0,1,0,0,0,0,0,0,0,0,0,0,0
GAL-200,   0,0,0,0,0,1,0,0,0,0,0,0,0
GAL-002,   0,0,0,0,0,1,0,0,0,0,0,0,0
GAL-155,   0,0,0,0,0,1,0,0,0,0,0,0,0
GAL-040,   0,0,0,0,0,1,0,0,0,0,0,0,0
GAL-198,   0,0,0,0,0,0,0,0,0,1,0,0,0
GAL-210,   0,0,0,0,0,0,0,0,0,1,0,0,0
GAL-180,   0,0,0,0,0,0,0,0,0,1,0,0,0
GAL-046,   0,0,0,0,0,1,0,0,0,0,0,0,0
GAL-154,   0,0,0,0,0,0,0,0,0,1,0,0,0
GAL-084,   0,0,0,0,0,1,0,0,0,0,0,0,0
GAL-064,   0,1,0,0,0,0,0,0,0,0,0,0,0
GAL-005,   0,0,0,0,0,0,0,0,0,1,0,0,0
GAL-066,   0,1,0,0,0,0,0,0,0,0,0,0,0
GAL-193,   0,0,0,0,0,1,0,0,0,0,0,0,0
GAL-071,   0,0,0,0,0,1,0,0,0,0,0,0,0
GAL-023,   0,0,0,0,0,1,0,0,0,0,0,0,0
GAL-123,   0,0,0,0,0,1,0,0,0,0,0,0,0
GAL-163,   0,0,0,0,0,1,0,0,0,0,0,0,0
GAL-045,   0,0,0,0,0,1,0,0,0,0,0,0,0
GAL-015,   0,0,0,0,0,1,0,0,0,0,0,0,0
GAL-060,   0,0,0,0,0,0,1,0,0,0,0,0,0
GAL-047,   0,0,0,0,0,0,1,0,0,0,0,0,0
GAL-093,   0,0,0,0,0,0,1,0,0,0,0,0,0
GAL-131,   0,0,0,0,0,0,1,0,0,0,0,0,0
GAL-202,   0,0,0,0,0,0,1,0,0,0,0,0,0
GAL-164,   0,0,0,0,0,0,1,0,0,0,0,0,0
GAL-085,   0,0,0,0,0,0,1,0,0,0,0,0,0
GAL-145,   0,0,0,0,0,0,1,0,0,0,0,0,0
GAL-022,   0,0,0,0,0,0,1,0,0,0,0,0,0
GAL-056,   0,0,0,0,0,0,1,0,0,0,0,0,0
GAL-018,   0,0,0,0,0,0,1,0,0,0,0,0,0
GAL-010,   0,0,0,0,0,0,1,0,0,0,0,0,0
GAL-181,   0,0,0,0,0,0,1,0,0,0,0,0,0
GAL-204,   0,0,0,0,0,0,1,0,0,0,0,0,0
GAL-024,   0,0,0,0,0,0,1,0,0,0,0,0,0
GAL-070,   0,0,0,0,0,0,1,0,0,0,0,0,0
GAL-086,   0,0,0,0,0,0,1,0,0,0,0,0,0
GAL-197,   0,0,0,0,0,0,0,0,0,0,0,1,0
GAL-067,   0,0,0,0,0,0,0,0,0,0,0,1,0
GAL-116,   0,0,0,0,0,0,0,0,0,0,0,1,0
GAL-110,   0,0,0,0,0,0,0,0,0,0,0,1,0
GAL-078,   0,0,0,0,0,0,0,0,0,0,0,1,0
GAL-175,   0,0,0,0,0,0,0,0,0,0,0,1,0
GAL-201,   0,0,0,0,0,0,0,0,0,0,0,1,0
GAL-147,   0,0,0,0,0,0,0,0,0,0,0,1,0
GAL-140,   0,0,0,0,0,0,0,0,0,0,0,1,0
GAL-192,   0,0,0,0,0,0,0,0,0,0,0,1,0
GAL-171,   0,0,0,0,0,0,0,0,0,0,0,1,0
GAL-101,   0,0,0,0,0,0,1,0,0,0,0,0,0
GAL-199,   0,0,0,0,0,0,1,0,0,0,0,0,0
GAL-009,   0,0,0,0,0,0,1,0,0,0,0,0,0
GAL-001,   0,0,0,0,0,0,1,0,0,0,0,0,0
GAL-134,   0,0,0,0,0,0,1,0,0,0,0,0,0
GAL-157,   0,0,0,0,0,0,1,0,0,0,0,0,0
GAL-138,   0,0,0,0,0,0,1,0,0,0,0,0,0
GAL-136,   0,0,0,0,0,0,1,0,0,0,0,0,0
GAL-208,   0,0,0,0,0,0,1,0,0,0,0,0,0
GAL-122,   0,0,0,0,0,0,1,0,0,0,0,0,0
GAL-106,   0,0,0,0,0,0,1,0,0,0,0,0,0
GAL-052,   0,0,0,0,0,0,1,0,0,0,0,0,0
GAL-082,   0,0,0,0,0,0,0,0,0,0,0,0,1
GAL-186,   0,0,0,0,0,0,0,0,0,0,0,0,1
GAL-031,   0,0,0,0,0,0,0,0,0,0,0,0,1
GAL-029,   1,0,0,0,0,0,0,0,0,0,0,0,0
GAL-072,   1,0,0,0,0,0,0,0,0,0,0,0,0
GAL-209,   1,0,0,0,0,0,0,0,0,0,0,0,0
GAL-063,   1,0,0,0,0,0,0,0,0,0,0,0,0
GAL-102,   1,0,0,0,0,0,0,0,0,0,0,0,0
GAL-160,   1,0,0,0,0,0,0,0,0,0,0,0,0